5 0.384 0.525 0.144 0.242
5 0.05466666666666666 0.41200000000000003 0.104 0.20400000000000001
5 0.348 0.884 0.152 0.232
5 0.568 0.33 0.14933333333333332 0.23600000000000002
5 0.7693333333333333 0.41600000000000004 0.17866666666666667 0.244
0 0.36266666666666664 0.8160000000000001 0.144 0.20400000000000001
0 0.384 0.423 0.11733333333333333 0.154
0 0.5786666666666667 0.23 0.10133333333333333 0.1
0 0.7693333333333333 0.315 0.09333333333333332 0.134
0 0.058666666666666666 0.312 0.10666666666666666 0.132
