15 0.9560000000000001 0.632 0.088 0.24533333333333332
15 0.843 0.5519999999999999 0.154 0.25066666666666665
15 0.804 0.492 0.108 0.24266666666666667
15 0.6910000000000001 0.4666666666666667 0.11 0.21866666666666665
15 0.58 0.45466666666666666 0.10400000000000001 0.21066666666666667
15 0.53 0.388 0.092 0.10933333333333332
15 0.428 0.42133333333333334 0.1 0.16
15 0.217 0.37466666666666665 0.082 0.12533333333333332
15 0.131 0.376 0.082 0.13333333333333333
18 0.382 0.6146666666666667 0.48 0.43466666666666665
