15 0.025333333333333333 0.391 0.04533333333333333 0.066
15 0.17466666666666666 0.361 0.104 0.106
15 0.408 0.342 0.08 0.088
15 0.5266666666666666 0.339 0.050666666666666665 0.082
15 0.612 0.334 0.07733333333333334 0.076
15 0.5826666666666667 0.332 0.06666666666666667 0.08
15 0.5413333333333333 0.6960000000000001 0.9173333333333333 0.608
0 0.6373333333333333 0.679 0.7253333333333333 0.546
15 0.7653333333333333 0.326 0.058666666666666666 0.076
15 0.7066666666666667 0.312 0.042666666666666665 0.052000000000000005
15 0.6746666666666666 0.322 0.042666666666666665 0.032
15 0.9426666666666667 0.379 0.11466666666666667 0.106
15 0.8746666666666666 0.34400000000000003 0.144 0.084
