0 0.9560000000000001 0.88 0.088 0.24
15 0.897 0.9373333333333334 0.08600000000000001 0.12533333333333332
15 0.841 0.8986666666666666 0.074 0.15466666666666667
15 0.777 0.8626666666666667 0.13 0.13066666666666665
15 0.772 0.968 0.136 0.064
15 0.729 0.9373333333333334 0.074 0.12533333333333332
15 0.648 0.884 0.06 0.104
15 0.595 0.8546666666666667 0.058 0.09333333333333332
15 0.47800000000000004 0.9586666666666667 0.14 0.08266666666666667
15 0.432 0.9293333333333333 0.108 0.10933333333333332
15 0.394 0.9053333333333333 0.10400000000000001 0.152
15 0.221 0.9253333333333333 0.10200000000000001 0.13866666666666666
15 0.169 0.9493333333333333 0.146 0.10133333333333333
