15 0.47900000000000004 0.7933333333333333 0.13 0.216
15 0.379 0.844 0.146 0.19466666666666665
15 0.23800000000000002 0.8119999999999999 0.14 0.20533333333333334
15 0.31 0.968 0.272 0.064
15 0.894 0.9693333333333333 0.18 0.06133333333333333
15 0.838 0.9133333333333333 0.22 0.17333333333333334
15 0.756 0.8906666666666666 0.136 0.21866666666666665
15 0.72 0.8453333333333333 0.16 0.22933333333333333
15 0.665 0.7973333333333333 0.106 0.18666666666666665
15 0.049 0.7226666666666667 0.094 0.18666666666666665
15 0.045 0.6679999999999999 0.07 0.072
