0 0.538 0.8873873873873874 0.10400000000000001 0.12912912912912913
0 0.885 0.8843843843843844 0.09 0.15915915915915915
0 0.051000000000000004 0.9384384384384384 0.098 0.12312312312312312
0 0.095 0.536036036036036 0.08600000000000001 0.08708708708708708
0 0.537 0.6576576576576576 0.08600000000000001 0.12612612612612611
0 0.47200000000000003 0.7132132132132132 0.076 0.1111111111111111
0 0.258 0.6381381381381381 0.07200000000000001 0.11711711711711711
0 0.9530000000000001 0.8333333333333334 0.08600000000000001 0.15315315315315314
0 0.295 0.8078078078078078 0.058 0.1021021021021021
0 0.905 0.47297297297297297 0.062 0.09309309309309309
