14 0.6293333333333333 0.4 0.03733333333333333 0.10400000000000001
14 0.5906666666666667 0.399 0.04 0.11
14 0.5173333333333333 0.399 0.03733333333333333 0.106
14 0.48533333333333334 0.404 0.042666666666666665 0.1
14 0.43866666666666665 0.405 0.04 0.10200000000000001
14 0.388 0.41300000000000003 0.04533333333333333 0.09
14 0.42533333333333334 0.542 0.04 0.10400000000000001
14 0.3893333333333333 0.542 0.042666666666666665 0.10400000000000001
14 0.3426666666666667 0.542 0.034666666666666665 0.10400000000000001
14 0.32 0.55 0.048 0.092
14 0.27466666666666667 0.542 0.03733333333333333 0.10400000000000001
14 0.24666666666666665 0.547 0.04 0.10200000000000001
14 0.19466666666666665 0.549 0.042666666666666665 0.098
14 0.11466666666666667 0.55 0.042666666666666665 0.096
14 0.08 0.547 0.03733333333333333 0.09
14 0.29866666666666664 0.539 0.032 0.10200000000000001
